Rk,Name,Inducted,Yrs,From,To,ASG,WAR/pos,G,PA,AB,R,H,2B,3B,HR,RBI,SB,CS,BB,SO,IBB,GDP,SF,SH,BA,OBP,SLG,OPS,Name-additional
1,Henry Aaron,1982,23,1954,1976,25,143.1,3298,13941,12364,2174,3771,624,98,755,2297,240,73,1402,1383,293,328,121,21,.305,.374,.555,.928,aaronha01
2,Grover Alexander,1938,20,1911,1930,0,3.1,703,1981,1810,154,378,60,13,11,163,3,6,77,276,0,,,88,.209,.242,.275,.517,alexape01
3,Roberto Alomar,2011,17,1988,2004,12,67.0,2379,10400,9073,1508,2724,504,80,210,1134,474,114,1032,1140,62,206,97,148,.300,.371,.443,.814,alomaro01
4,Walter Alston,1983,1,1936,1936,0,0.0,1,1,1,0,0,0,0,0,0,0,0,0,1,0,0,,0,.000,.000,.000,.000,alstowa01
5,Sparky Anderson,2000,1,1959,1959,0,-1.2,152,527,477,42,104,9,3,0,34,6,9,42,53,1,15,2,5,.218,.282,.249,.531,andersp01
6,Cap Anson,1939,27,1871,1897,0,94.4,2524,11331,10281,1999,3435,582,142,97,2075,277,16,984,330,,6,,34,.334,.394,.447,.841,ansonca01
7,Luis Aparicio,1984,18,1956,1973,13,55.9,2599,11231,10230,1335,2677,394,92,83,791,506,136,736,742,22,184,76,161,.262,.311,.343,.653,aparilu01
8,Luke Appling,1964,20,1930,1950,7,77.4,2422,10254,8856,1319,2749,440,102,45,1116,179,108,1302,528,68,129,,74,.310,.399,.398,.798,applilu01
9,Richie Ashburn,1995,15,1948,1962,6,64.2,2189,9737,8365,1322,2574,317,109,29,586,234,117,1198,571,40,83,18,112,.308,.396,.382,.778,ashburi01
10,Earl Averill,1975,13,1929,1941,6,51.6,1669,7221,6353,1224,2019,401,128,238,1164,70,58,774,518,36,7,,55,.318,.395,.534,.928,averiea01
11,Jeff Bagwell,2017,15,1991,2005,4,79.9,2150,9431,7797,1517,2314,488,32,449,1529,202,78,1401,1558,155,221,102,3,.297,.408,.540,.948,bagweje01
12,Harold Baines,2019,22,1980,2001,6,38.8,2830,11092,9908,1299,2866,488,49,384,1628,34,34,1062,1441,187,298,99,9,.289,.356,.465,.820,baineha01
13,Home Run Baker,1955,13,1908,1922,0,62.8,1575,6677,5984,887,1838,315,103,96,991,235,54,473,344,,,,153,.307,.363,.442,.805,bakerfr01
14,Dave Bancroft,1971,16,1915,1930,0,50.0,1913,8250,7182,1048,2004,320,77,32,591,145,90,827,487,4,,,212,.279,.355,.358,.714,bancrda01
15,Ernie Banks,1977,19,1953,1971,14,67.7,2528,10396,9421,1305,2583,407,90,512,1636,50,53,763,1236,202,229,96,45,.274,.330,.500,.830,bankser01
16,Jake Beckley,1971,20,1888,1907,0,61.5,2392,10518,9551,1603,2938,473,244,87,1581,315,,616,526,,,,167,.308,.361,.436,.797,becklja01
17,Cool Papa Bell,1974,21,1922,1946,8,30.9,1202,5361,4767,1152,1548,262,72,57,596,285,,531,,1,0,0,49,.325,.394,.446,.840,bellco99
18,Adrián Beltré,2024,21,1998,2018,4,93.5,2933,12130,11068,1524,3166,636,38,477,1707,121,42,848,1732,112,279,103,14,.286,.339,.480,.819,beltrad01
19,Johnny Bench,1989,17,1967,1983,14,75.1,2158,8674,7658,1091,2048,381,24,389,1376,68,43,891,1278,135,201,90,11,.267,.342,.476,.817,benchjo01
20,Charles Bender,1953,16,1903,1925,0,5.2,507,1286,1147,102,243,40,10,6,116,20,2,75,160,0,,,42,.212,.266,.280,.546,bendech01
21,Yogi Berra,1972,19,1946,1965,18,59.5,2120,8364,7555,1175,2150,321,49,358,1430,30,26,704,414,91,146,44,9,.285,.348,.482,.830,berrayo01
22,Craig Biggio,2015,20,1988,2007,7,65.5,2850,12504,10876,1844,3060,668,55,291,1175,414,124,1160,1753,68,150,81,101,.281,.363,.433,.796,biggicr01
23,Bert Blyleven,2011,22,1970,1992,2,-1.6,218,514,451,19,59,7,0,0,25,0,0,5,193,0,4,0,56,.131,.144,.146,.290,blylebe01
24,Wade Boggs,2005,18,1982,1999,12,91.4,2439,10740,9180,1513,3010,578,61,118,1014,24,35,1412,745,180,236,96,29,.328,.415,.443,.858,boggswa01
25,Jim Bottomley,1974,16,1922,1937,0,35.8,1991,8358,7471,1177,2313,465,151,219,1422,58,55,664,591,35,33,,177,.310,.369,.500,.869,bottoji01
26,Lou Boudreau,1970,15,1938,1952,8,63.2,1646,7025,6029,861,1779,385,66,68,789,51,50,796,309,40,155,,164,.295,.380,.415,.795,boudrlo01
27,Roger Bresnahan,1945,17,1897,1915,0,42.1,1446,5389,4481,682,1252,218,71,26,530,212,4,714,403,,,,112,.279,.386,.377,.764,bresnro01
28,George Brett,1999,21,1973,1993,13,88.6,2707,11625,10349,1583,3154,665,137,317,1596,201,97,1096,908,229,235,120,26,.305,.369,.487,.857,brettge01
29,Lou Brock,1985,19,1961,1979,6,45.3,2616,11240,10332,1610,3023,486,141,149,900,938,307,761,1730,124,114,46,47,.293,.343,.410,.753,brocklo01
30,Dan Brouthers,1945,19,1879,1904,0,79.8,1676,7691,6726,1529,2303,462,206,107,1301,257,,840,238,,,,20,.342,.423,.520,.943,broutda01
31,Mordecai Brown,1949,14,1903,1916,0,1.1,493,1244,1143,93,235,20,11,2,73,8,0,44,199,,,,49,.206,.236,.248,.483,brownmo01
32,Ray Brown,2006,14,1931,1945,2,6.5,429,1407,1260,193,335,74,21,25,197,10,,123,,2,0,0,23,.266,.332,.417,.749,brownra99
33,Willard Brown,2006,11,1937,1948,7,20.2,431,1785,1652,332,580,127,44,54,391,80,2,125,7,1,2,0,4,.351,.398,.579,.977,brownwi02
34,Jim Bunning,1996,17,1955,1971,9,-0.9,601,1401,1275,82,213,21,4,7,75,0,2,34,362,0,36,6,85,.167,.188,.206,.395,bunniji01
35,Jesse Burkett,1946,16,1890,1905,0,62.8,2067,9629,8426,1720,2850,320,182,75,952,389,,1029,613,,,,90,.338,.415,.446,.861,burkeje01
36,Roy Campanella,1969,18,1937,1957,11,42.0,1449,5727,5030,786,1422,232,31,260,1019,38,20,609,501,114,146,18,35,.283,.363,.496,.859,camparo01
37,Rod Carew,1991,19,1967,1985,18,81.2,2469,10550,9315,1424,3053,445,112,92,1015,353,187,1018,1028,144,216,64,128,.328,.393,.429,.822,carewro01
38,Max Carey,1961,20,1910,1929,0,55.6,2476,10772,9363,1545,2665,419,159,70,802,738,127,1040,695,6,,,290,.285,.361,.386,.747,careyma01
39,Steve Carlton,1994,24,1965,1988,10,6.1,699,1881,1719,123,346,49,6,13,140,2,2,41,413,0,33,13,94,.201,.223,.259,.482,carltst01
40,Gary Carter,2003,19,1974,1992,11,70.2,2296,9019,7971,1025,2092,371,31,324,1225,39,42,848,997,106,180,99,33,.262,.335,.439,.773,cartega01
41,Orlando Cepeda,1999,17,1958,1974,11,50.1,2124,8699,7927,1131,2351,417,27,379,1365,142,80,588,1169,154,218,74,4,.297,.350,.499,.849,cepedor01
42,Frank Chance,1946,17,1898,1914,0,46.0,1288,5138,4299,798,1274,200,79,20,596,403,0,556,320,,,,111,.296,.394,.394,.788,chancfr01
43,Oscar Charleston,1976,18,1920,1941,3,48.4,918,3885,3317,854,1210,241,80,143,853,210,,478,,0,0,,62,.365,.449,.615,1.064,charlos99
44,Jack Chesbro,1946,11,1899,1909,0,0.2,393,1155,1103,85,217,37,13,5,82,5,,25,269,,,,21,.197,.216,.267,.483,chesbja01
45,Fred Clarke,1945,21,1894,1915,0,68.0,2246,9863,8584,1622,2678,361,220,67,1015,509,0,875,511,,,,225,.312,.386,.429,.814,clarkfr01
46,John Clarkson,1963,12,1882,1894,0,-1.8,546,2060,1974,254,432,73,26,24,232,31,,81,382,,,,4,.219,.250,.319,.569,clarkjo01
47,Roberto Clemente,1973,18,1955,1972,15,94.9,2433,10212,9454,1416,3000,440,166,240,1305,83,46,621,1230,167,275,66,36,.317,.359,.475,.834,clemero01
48,Ty Cobb,1936,24,1905,1928,0,151.4,3034,13103,11440,2245,4189,724,295,117,1944,897,215,1249,680,9,,,292,.366,.433,.512,.944,cobbty01
49,Mickey Cochrane,1947,13,1925,1937,2,49.7,1482,6211,5169,1041,1652,333,64,119,830,64,47,857,217,20,,,151,.320,.419,.478,.897,cochrmi01
50,Eddie Collins,1939,25,1906,1930,0,124.3,2826,12087,9949,1821,3315,438,187,47,1299,741,196,1499,467,15,,,512,.333,.424,.429,.853,collied01
51,Jimmy Collins,1945,14,1895,1908,0,53.3,1725,7460,6795,1055,1999,352,116,65,983,194,,426,266,,,,147,.294,.343,.409,.752,colliji01
52,Earle Combs,1970,12,1924,1935,0,45.1,1455,6514,5746,1186,1866,309,154,58,633,98,70,670,278,8,,,74,.325,.397,.462,.859,combsea01
53,Charlie Comiskey,1939,13,1882,1894,0,7.7,1390,6040,5796,992,1529,207,68,28,883,416,,197,132,,,,5,.264,.293,.337,.630,comisch01
54,Jocko Conlan,1974,2,1934,1935,0,-0.6,128,417,365,55,96,18,4,0,31,5,5,33,13,0,,,17,.263,.328,.334,.662,conlajo01
55,Roger Connor,1976,18,1880,1897,0,84.3,1998,8847,7797,1620,2467,441,233,138,1323,244,,1002,455,,,,9,.316,.397,.486,.883,connoro01
56,Andy Cooper,2006,14,1920,1939,2,-0.7,298,622,580,46,105,10,8,3,35,0,,26,,0,,,15,.181,.217,.241,.459,coopean99
57,Stan Coveleski,1969,14,1912,1928,0,-5.0,451,1196,1058,70,168,26,10,1,81,0,1,53,309,0,,,72,.159,.202,.205,.407,covelst01
58,Bobby Cox,2014,2,1968,1969,0,0.9,220,719,628,50,141,22,2,9,58,3,3,75,126,14,17,7,3,.225,.310,.309,.619,coxbo01
59,Sam Crawford,1957,19,1899,1917,0,75.4,2517,10627,9570,1391,2961,458,309,97,1523,367,43,760,580,,,,241,.309,.362,.452,.814,crawfsa01
60,Joe Cronin,1956,20,1926,1945,7,64.7,2124,8840,7579,1233,2285,515,118,170,1424,87,71,1059,700,41,57,,166,.301,.390,.468,.857,cronijo01
61,Candy Cummings,1939,6,1872,1877,0,-2.1,247,1084,1068,149,227,29,9,0,107,3,2,16,51,,4,,,.213,.224,.257,.481,cummica01
62,Kiki Cuyler,1968,18,1921,1938,1,48.1,1879,8100,7161,1305,2299,394,157,128,1065,328,148,676,752,20,53,,176,.321,.386,.474,.860,cuyleki01
63,Ray Dandridge,1987,8,1933,1944,3,5.2,246,1000,927,144,296,55,19,4,146,20,,58,,0,,,14,.319,.360,.433,.793,dandrra99
64,George Davis,1998,20,1890,1909,0,84.9,2372,10188,9045,1545,2665,453,163,73,1440,619,,874,613,,,,184,.295,.362,.405,.767,davisge01
65,Andre Dawson,2010,21,1976,1996,8,64.9,2627,10769,9927,1373,2774,503,98,438,1591,314,109,589,1509,143,217,118,24,.279,.323,.482,.806,dawsoan01
66,Leon Day,1995,10,1934,1946,9,4.0,209,674,619,99,194,34,9,5,83,7,,46,,0,0,0,9,.313,.361,.422,.783,dayle99
67,Dizzy Dean,1953,12,1930,1947,4,2.3,325,766,717,76,161,23,4,8,76,5,3,9,104,0,12,,39,.225,.235,.301,.536,deandi01
68,Ed Delahanty,1945,16,1888,1903,0,69.6,1837,8402,7510,1600,2597,522,186,101,1466,456,,742,439,,,,54,.346,.411,.505,.917,delahed01
69,Bill Dickey,1954,17,1928,1946,11,56.4,1789,7065,6300,930,1969,343,72,202,1209,36,32,678,289,101,49,,51,.313,.382,.486,.868,dickebi01
70,Martín Dihigo,1977,9,1923,1945,2,12.4,397,1617,1418,290,436,71,19,68,309,47,,184,,0,,,9,.307,.389,.528,.918,dihigma99
71,Joe DiMaggio,1955,13,1936,1951,13,79.1,1736,7672,6821,1390,2214,389,131,361,1537,30,9,790,369,111,130,,14,.325,.398,.579,.977,dimagjo01
72,Larry Doby,1998,17,1942,1959,9,56.8,1674,6920,5883,1080,1697,276,72,273,1099,64,36,945,1011,60,97,25,27,.288,.389,.499,.888,dobyla01
73,Bobby Doerr,1986,14,1937,1951,9,51.4,1865,8030,7093,1094,2042,381,89,223,1247,54,64,809,608,53,187,,115,.288,.362,.461,.823,doerrbo01
74,Don Drysdale,1984,14,1956,1969,9,5.8,547,1309,1169,96,218,26,7,29,113,0,2,60,370,0,34,6,69,.186,.228,.295,.523,drysddo01
75,Hugh Duffy,1945,17,1888,1906,0,43.1,1737,7842,7044,1554,2293,325,119,106,1302,574,,664,268,,,,104,.326,.386,.451,.837,duffyhu01
76,Leo Durocher,1994,17,1925,1945,3,4.3,1637,5829,5350,575,1320,210,56,24,567,31,41,377,480,34,109,,82,.247,.299,.320,.619,durocle01
77,Dennis Eckersley,2004,24,1975,1998,6,-0.2,218,196,181,9,24,3,0,3,12,0,0,9,84,0,1,1,5,.133,.173,.199,.372,eckerde01
78,Johnny Evers,1946,18,1902,1929,0,47.7,1784,7230,6137,919,1659,216,70,12,536,324,26,778,293,0,,,256,.270,.356,.334,.690,eversjo01
79,Buck Ewing,1939,18,1880,1897,0,48.0,1315,5772,5363,1129,1625,250,178,71,883,354,,392,294,,,,8,.303,.351,.456,.807,ewingbu01
80,Red Faber,1964,20,1914,1933,0,-3.6,670,1559,1269,98,170,21,2,3,71,7,0,169,479,0,,,104,.134,.240,.161,.401,faberre01
81,Bob Feller,1962,18,1936,1956,8,-1.8,570,1486,1282,99,193,28,13,8,99,1,2,100,505,0,15,0,100,.151,.214,.211,.425,fellebo01
82,Rick Ferrell,1984,18,1929,1947,8,30.8,1884,7076,6028,687,1692,324,45,28,734,29,35,931,277,68,55,,103,.281,.378,.363,.741,ferreri01
83,Rollie Fingers,1992,17,1968,1985,7,0.6,497,201,180,10,31,3,0,2,9,0,0,3,45,0,2,0,18,.172,.186,.222,.408,fingero01
84,Carlton Fisk,2000,24,1969,1993,11,68.5,2499,9853,8756,1276,2356,421,47,376,1330,128,58,849,1386,105,204,79,26,.269,.341,.457,.797,fiskca01
85,Elmer Flick,1963,13,1898,1910,0,52.7,1483,6434,5597,950,1752,268,164,48,756,330,,597,567,,,,121,.313,.389,.445,.834,flickel01
86,Whitey Ford,1974,16,1950,1967,10,3.5,500,1208,1023,91,177,19,0,3,69,3,2,113,224,0,10,4,65,.173,.256,.200,.457,fordwh01
87,Bill Foster,1996,14,1923,1937,2,1.4,264,623,577,68,126,11,6,4,49,1,,35,,0,,,11,.218,.263,.279,.542,fostebi99
88,Nellie Fox,1997,19,1947,1965,15,49.4,2367,10351,9232,1279,2663,355,112,35,790,76,80,719,216,30,175,48,208,.288,.348,.363,.710,foxne01
89,Jimmie Foxx,1951,20,1925,1945,9,92.2,2317,9677,8134,1751,2646,458,125,534,1922,87,77,1452,1311,134,69,,72,.325,.428,.609,1.038,foxxji01
90,Frankie Frisch,1947,19,1919,1937,3,71.8,2311,10101,9112,1532,2880,466,138,105,1244,419,176,728,272,25,55,,229,.316,.369,.432,.801,friscfr01
91,Pud Galvin,1965,15,1875,1892,0,-9.8,731,2788,2748,278,552,87,31,5,220,23,0,38,631,,1,,,.201,.212,.261,.473,galvipu01
92,Lou Gehrig,1939,17,1923,1939,7,113.7,2164,9665,8001,1888,2721,534,163,493,1995,102,102,1508,790,114,2,,107,.340,.447,.632,1.080,gehrilo01
93,Charlie Gehringer,1949,19,1924,1942,6,84.7,2323,10245,8860,1775,2839,574,146,184,1427,181,93,1186,372,43,27,,141,.320,.404,.480,.884,gehrich01
94,Bob Gibson,1981,17,1959,1975,9,7.5,596,1489,1328,132,274,44,5,24,144,13,10,63,415,0,13,18,72,.206,.243,.301,.545,gibsobo01
95,Josh Gibson,1972,14,1930,1946,12,38.3,602,2526,2168,612,808,135,58,166,733,40,,336,,11,1,0,18,.373,.458,.718,1.176,gibsojo99
96,Tom Glavine,2014,22,1987,2008,10,6.8,688,1645,1323,93,246,25,2,1,90,1,0,101,329,0,14,3,216,.186,.244,.210,.454,glavito02
97,Lefty Gomez,1972,14,1930,1943,7,-4.5,368,1024,904,59,133,11,0,0,58,1,1,50,252,0,5,,68,.147,.194,.159,.353,gomezle01
98,Joe Gordon,2009,11,1938,1950,9,55.6,1566,6537,5707,914,1530,264,52,253,975,89,60,759,702,87,159,,41,.268,.357,.466,.822,gordojo01
99,Goose Goslin,1968,18,1921,1938,1,66.0,2287,9831,8656,1482,2735,500,173,248,1612,176,94,949,585,67,,,162,.316,.387,.500,.887,gosligo01
100,Rich Gossage,2008,22,1972,1994,9,-0.5,388,93,85,1,9,1,0,0,2,0,0,4,37,0,2,0,4,.106,.146,.118,.264,gossari01
101,Hank Greenberg,1956,13,1930,1947,5,55.5,1394,6098,5193,1046,1628,379,71,331,1274,58,30,852,844,82,66,,35,.313,.412,.605,1.017,greenha01
102,Ken Griffey Jr.,2016,22,1989,2010,13,83.8,2671,11304,9801,1662,2781,524,38,630,1836,184,69,1312,1779,246,199,102,8,.284,.370,.538,.907,griffke02
103,Clark Griffith,1946,21,1891,1914,0,3.9,485,1590,1380,202,321,49,17,8,166,22,1,166,126,,,,27,.233,.318,.310,.628,griffcl01
104,Burleigh Grimes,1964,19,1916,1934,0,6.2,632,1687,1535,157,380,62,11,2,168,15,6,69,241,0,1,,76,.248,.282,.306,.588,grimebu01
105,Lefty Grove,1947,17,1925,1941,6,-6.5,619,1580,1369,119,202,27,5,15,121,1,1,105,593,0,1,,103,.148,.209,.207,.417,grovele01
106,Vladimir Guerrero,2018,16,1996,2011,9,59.5,2147,9059,8155,1328,2590,477,46,449,1496,181,94,737,985,250,277,64,0,.318,.379,.553,.931,guerrvl01
107,Tony Gwynn,2007,20,1982,2001,15,69.2,2440,10232,9288,1383,3141,543,85,135,1138,319,125,790,434,203,259,85,45,.338,.388,.459,.847,gwynnto01
108,Chick Hafey,1971,13,1924,1937,1,31.3,1283,5116,4625,777,1466,341,67,164,833,70,52,372,477,37,28,,83,.317,.372,.526,.898,hafeych01
109,Jesse Haines,1970,19,1918,1937,0,-3.0,560,1215,1124,76,209,23,2,3,79,2,1,30,246,0,1,,59,.186,.208,.218,.426,haineje01
110,Roy Halladay,2019,16,1998,2013,8,-1.1,115,305,275,15,34,2,0,0,12,0,0,4,137,0,2,0,26,.124,.136,.131,.267,hallaro01
111,Billy Hamilton,1961,14,1888,1901,0,63.2,1594,7609,6283,1697,2164,242,95,40,742,914,,1189,362,,,,47,.344,.455,.432,.888,hamilbi01
112,Ned Hanlon,1996,13,1880,1892,0,18.1,1270,5577,5087,931,1318,159,79,30,518,329,,472,357,,,,,.259,.324,.339,.663,hanlone01
113,Bucky Harris,1975,12,1919,1931,0,16.3,1263,5568,4736,722,1297,224,64,9,508,167,97,472,310,0,,,249,.274,.352,.354,.706,harribu01
114,Gabby Hartnett,1955,20,1922,1941,6,55.5,1990,7300,6432,867,1912,396,64,236,1179,28,32,703,697,114,93,,127,.297,.370,.489,.858,hartnga01
115,Harry Heilmann,1952,17,1914,1932,0,72.2,2147,8972,7787,1291,2660,542,151,183,1543,113,74,856,550,36,,,277,.342,.410,.520,.930,heilmha01
116,Todd Helton,2024,17,1997,2013,5,61.8,2247,9453,7962,1401,2519,592,37,369,1406,37,29,1335,1175,185,186,93,3,.316,.414,.539,.953,heltoto01
117,Rickey Henderson,2009,25,1979,2003,10,111.1,3081,13346,10961,2295,3055,510,66,297,1115,1406,335,2190,1694,61,172,67,30,.279,.401,.419,.820,henderi01
118,Billy Herman,1975,15,1931,1947,10,57.4,1922,8641,7707,1163,2345,486,82,47,839,67,72,737,428,34,191,,171,.304,.367,.407,.774,hermabi01
119,Whitey Herzog,2010,8,1956,1963,0,2.8,634,1885,1614,213,414,60,20,25,172,13,18,241,261,8,25,8,15,.257,.354,.365,.719,herzowh01
120,Pete Hill,2006,5,1920,1925,0,4.2,159,610,508,81,154,22,8,7,84,11,,84,,,,,10,.303,.410,.419,.829,hillpe99
121,Gil Hodges,2022,18,1943,1963,8,43.8,2071,8104,7030,1105,1921,295,48,370,1274,63,42,943,1137,109,165,50,56,.273,.359,.487,.846,hodgegi01
122,Trevor Hoffman,2018,18,1993,2010,7,-0.2,1007,36,34,1,4,2,0,0,5,0,0,0,11,0,0,0,2,.118,.118,.176,.294,hoffmtr01
123,Harry Hooper,1971,17,1909,1925,0,53.5,2309,10277,8785,1429,2466,389,160,75,816,375,141,1136,582,3,,,247,.281,.368,.387,.755,hoopeha01
124,Rogers Hornsby,1942,23,1915,1937,0,127.0,2259,9481,8173,1579,2930,541,169,301,1584,135,81,1038,679,54,3,,216,.358,.434,.577,1.010,hornsro01
125,Waite Hoyt,1969,21,1918,1938,0,-1.8,674,1423,1287,96,255,26,11,0,100,0,1,40,161,0,10,,91,.198,.223,.235,.458,hoytwa01
126,Carl Hubbell,1947,16,1928,1943,9,-0.4,535,1397,1288,95,246,30,2,4,101,1,2,33,172,0,12,,75,.191,.212,.227,.439,hubbeca01
127,Miller Huggins,1964,13,1904,1916,0,35.4,1586,6825,5558,948,1474,146,50,9,318,324,31,1003,556,,,,192,.265,.382,.314,.696,huggimi01
128,Catfish Hunter,1987,15,1965,1979,8,4.6,304,710,658,60,149,16,3,6,51,2,0,8,160,0,10,5,39,.226,.234,.287,.521,hunteca01
129,Monte Irvin,1973,18,1938,1956,7,32.1,1044,4062,3523,580,1076,155,43,139,684,52,9,474,220,26,81,11,24,.305,.391,.492,.883,irvinmo01
130,Reggie Jackson,1993,21,1967,1987,14,74.0,2820,11418,9864,1551,2584,463,49,563,1702,228,115,1375,2597,164,183,68,13,.262,.356,.490,.846,jacksre01
131,Travis Jackson,1982,15,1922,1936,1,44.2,1656,6682,6086,833,1768,291,86,135,929,71,70,412,565,29,39,,171,.291,.337,.433,.770,jackstr01
132,Fergie Jenkins,1991,19,1965,1983,3,2.0,413,1010,896,54,148,27,6,13,85,0,1,41,326,0,9,7,66,.165,.200,.252,.452,jenkife01
133,Hughie Jennings,1945,18,1891,1918,0,42.3,1284,5648,4895,992,1526,232,88,18,840,359,0,347,234,,,,119,.312,.391,.406,.797,jennihu01
134,Derek Jeter,2020,20,1995,2014,14,71.3,2747,12602,11195,1923,3465,544,66,260,1311,358,97,1082,1840,39,287,58,97,.310,.377,.440,.817,jeterde01
135,Judy Johnson,1975,11,1923,1936,2,13.6,709,2884,2663,467,809,152,40,25,457,75,5,185,14,,,,30,.304,.350,.419,.769,johnsju99
136,Randy Johnson,2015,22,1988,2009,10,-2.5,273,691,625,20,78,14,0,1,40,0,0,19,296,0,10,1,44,.125,.153,.152,.305,johnsra05
137,Walter Johnson,1936,21,1907,1927,0,12.7,934,2534,2324,241,547,94,41,24,255,13,4,110,419,0,,,70,.235,.274,.342,.616,johnswa01
138,Chipper Jones,2018,19,1993,2012,8,85.3,2499,10614,8984,1619,2726,549,38,468,1623,150,46,1512,1409,177,253,97,3,.303,.401,.529,.930,jonesch06
139,Addie Joss,1978,9,1902,1910,0,-2.3,296,919,817,46,118,21,6,1,51,10,,54,297,,,,39,.144,.198,.188,.387,jossad01
140,Jim Kaat,2022,25,1959,1983,3,5.3,840,1363,1251,117,232,44,5,16,106,5,1,63,367,1,14,7,34,.185,.227,.267,.494,kaatji01
141,Al Kaline,1980,22,1953,1974,18,92.8,2834,11597,10116,1622,3007,498,75,399,1582,137,65,1277,1020,133,271,104,45,.297,.376,.480,.855,kalinal01
142,Tim Keefe,1964,14,1880,1893,0,-2.3,618,2262,2083,248,390,60,38,12,134,13,,175,411,,,,,.187,.252,.270,.521,keefeti01
143,Willie Keeler,1939,19,1892,1910,0,54.3,2123,9619,8591,1719,2932,241,145,33,810,495,,524,136,,,,366,.341,.388,.415,.802,keelewi01
144,George Kell,1983,15,1943,1957,10,37.6,1795,7529,6702,880,2054,385,50,78,870,51,36,621,287,33,188,20,149,.306,.367,.414,.781,kellge01
145,Joe Kelley,1971,17,1891,1908,0,50.4,1853,8163,7006,1421,2220,358,194,65,1194,443,,911,430,,,,140,.317,.402,.451,.853,kellejo01
146,George Kelly,1973,16,1915,1932,0,25.6,1622,6570,5993,819,1778,337,76,148,1020,65,64,386,694,14,,,158,.297,.342,.452,.794,kellyge01
147,King Kelly,1945,16,1878,1893,0,47.0,1456,6457,5896,1357,1813,359,102,69,950,368,,549,418,,,,,.307,.368,.438,.806,kellyki01
148,Harmon Killebrew,1984,22,1954,1975,13,60.3,2435,9833,8147,1283,2086,290,24,573,1584,19,18,1559,1699,160,243,77,0,.256,.376,.509,.884,killeha01
149,Ralph Kiner,1975,10,1946,1955,6,48.0,1472,6256,5205,971,1451,216,39,369,1015,22,18,1011,749,90,126,7,9,.279,.398,.548,.946,kinerra01
150,Chuck Klein,1980,17,1928,1944,2,46.6,1753,7172,6486,1168,2076,398,74,300,1201,79,72,601,521,48,55,,69,.320,.379,.543,.922,kleinch01
151,Sandy Koufax,1972,12,1955,1966,7,-4.2,397,858,776,26,75,9,0,2,28,0,1,43,386,0,10,3,35,.097,.145,.116,.261,koufasa01
152,Tony La Russa,2014,6,1963,1973,0,-0.6,132,203,176,15,35,5,2,0,7,0,0,23,37,1,2,2,1,.199,.292,.250,.542,larusto01
153,Nap Lajoie,1937,21,1896,1916,0,106.9,2480,10471,9590,1504,3243,657,163,82,1599,380,26,516,347,,,,221,.338,.380,.466,.846,lajoina01
154,Barry Larkin,2012,19,1986,2004,12,70.5,2180,9057,7937,1329,2340,441,76,198,960,379,77,939,817,66,178,67,59,.295,.371,.444,.815,larkiba01
155,Tommy Lasorda,1997,3,1954,1956,0,-0.2,27,14,14,0,1,0,0,0,0,0,0,0,4,0,1,0,0,.071,.071,.071,.143,lasorto01
156,Tony Lazzeri,1991,14,1926,1939,1,47.6,1740,7314,6297,986,1840,334,115,178,1194,148,82,869,864,40,8,,116,.292,.380,.467,.846,lazzeto01
157,Bob Lemon,1976,15,1941,1958,7,10.7,615,1330,1183,148,274,54,9,37,147,2,1,93,241,0,9,3,49,.232,.288,.386,.674,lemonbo01
158,Buck Leonard,1972,14,1935,1948,13,30.0,604,2614,2163,549,748,144,50,97,548,32,,403,,2,2,0,28,.346,.453,.593,1.046,leonabu99
159,Freddie Lindstrom,1976,13,1924,1936,0,28.5,1438,6109,5611,895,1747,301,81,103,779,84,99,334,276,11,35,,146,.311,.351,.449,.800,lindsfr01
160,John Henry Lloyd,1977,8,1921,1929,0,13.8,433,1786,1629,297,569,87,27,16,308,59,,133,,,,,20,.349,.400,.465,.865,lloydjo99
161,Ernie Lombardi,1986,17,1931,1947,8,37.7,1853,6353,5855,601,1792,277,27,190,990,8,9,430,262,153,261,,18,.306,.358,.460,.818,lombaer01
162,Al Lopez,1977,19,1928,1947,2,16.3,1950,6611,5916,613,1547,206,43,51,652,46,32,556,538,129,137,,121,.261,.326,.337,.663,lopezal01
163,Ted Lyons,1955,21,1923,1946,1,3.9,705,1729,1563,162,364,49,9,5,149,0,1,73,201,0,9,,83,.233,.270,.285,.556,lyonste01
164,Connie Mack,1937,11,1886,1896,0,6.9,724,2949,2698,392,659,79,28,5,265,127,,170,127,,,,17,.244,.305,.300,.604,mackco01
165,Biz Mackey,2006,22,1920,1947,5,25.8,900,3442,3081,497,1011,167,57,52,604,60,5,298,9,0,0,,47,.328,.390,.470,.860,mackebi99
166,Greg Maddux,2014,23,1986,2008,8,1.8,737,1812,1591,103,272,35,2,5,84,11,3,34,419,0,15,2,180,.171,.191,.205,.395,maddugr01
167,Mickey Mantle,1974,18,1951,1968,20,110.2,2401,9910,8102,1676,2415,344,72,536,1509,153,38,1733,1710,148,113,47,14,.298,.421,.557,.977,mantlmi01
168,Heinie Manush,1964,17,1923,1939,1,48.1,2008,8422,7654,1288,2524,491,160,110,1183,113,69,506,345,33,11,,186,.330,.377,.479,.856,manushe01
169,Rabbit Maranville,1954,23,1912,1935,0,44.0,2670,11260,10078,1256,2605,380,177,28,884,291,150,839,756,4,21,,300,.258,.318,.340,.658,maranra01
170,Juan Marichal,1983,16,1960,1975,10,1.1,464,1343,1221,73,202,29,2,4,75,2,5,38,269,0,20,7,71,.165,.191,.202,.393,maricju01
171,Rube Marquard,1971,18,1908,1925,0,-2.3,536,1197,1107,63,198,17,3,1,66,6,2,33,208,0,,,48,.179,.207,.202,.410,marquru01
172,Edgar Martínez,2019,18,1987,2004,7,68.4,2055,8674,7213,1219,2247,514,15,309,1261,49,30,1283,1202,113,190,77,10,.312,.418,.515,.933,martied01
173,Pedro Martinez,2015,18,1992,2009,8,-2.2,277,518,434,22,43,6,2,0,18,0,0,15,190,0,5,3,63,.099,.134,.122,.256,martipe02
174,Eddie Mathews,1978,17,1952,1968,12,95.9,2391,10101,8537,1509,2315,354,72,512,1453,68,39,1444,1487,142,123,58,36,.271,.376,.509,.885,matheed01
175,Christy Mathewson,1936,17,1900,1916,0,6.2,647,1900,1687,151,362,50,12,7,167,20,1,116,218,,,,69,.215,.272,.271,.543,mathech01
176,Joe Mauer,2024,15,2004,2018,6,55.2,1858,7960,6930,1018,2123,428,30,143,923,52,19,939,1034,145,208,60,6,.306,.388,.439,.827,mauerjo01
177,Willie Mays,1979,23,1948,1973,24,156.2,3005,12545,10924,2068,3293,525,141,660,1909,339,103,1468,1526,214,251,91,13,.301,.384,.557,.940,mayswi01
178,Bill Mazeroski,2001,17,1956,1972,10,36.5,2163,8379,7755,769,2016,294,62,138,853,27,23,447,706,110,194,70,87,.260,.299,.367,.667,mazerbi01
179,Tommy McCarthy,1946,13,1884,1896,0,16.2,1273,5739,5120,1066,1493,191,53,44,732,468,,536,185,,,,33,.292,.364,.375,.740,mccarto01
180,Willie McCovey,1986,22,1959,1980,6,64.4,2588,9692,8197,1229,2211,353,46,521,1555,26,22,1345,1550,260,176,70,5,.270,.374,.515,.889,mccovwi01
181,Joe McGinnity,1946,10,1899,1908,0,-2.9,477,1424,1297,109,251,21,10,0,90,26,,34,158,,,,81,.194,.221,.225,.446,mcginjo01
182,John McGraw,1937,17,1891,1907,0,45.7,1100,4946,3924,1024,1309,121,70,13,462,436,,836,155,,,,46,.334,.466,.410,.876,mcgrajo01
183,Fred McGriff,2023,19,1986,2004,5,52.6,2460,10174,8757,1349,2490,441,24,493,1550,72,38,1305,1882,171,226,71,2,.284,.377,.509,.886,mcgrifr01
184,Bill McKechnie,1962,11,1907,1920,0,3.3,846,3184,2843,319,713,86,33,8,240,127,4,190,204,,,,132,.251,.301,.313,.614,mckecbi01
185,Bid McPhee,2000,18,1882,1899,0,52.5,2138,9429,8304,1684,2258,303,189,53,1072,568,,982,377,,,,56,.272,.355,.373,.728,mcphebi01
186,Joe Medwick,1968,17,1932,1948,10,54.5,1984,8143,7635,1198,2471,540,113,205,1383,42,37,437,551,101,203,,44,.324,.362,.505,.867,medwijo01
187,José Méndez,2006,7,1920,1926,0,2.2,233,755,620,86,144,31,5,3,62,33,,85,,,,,45,.232,.330,.313,.642,mendejo99
188,Minnie Miñoso,2022,20,1946,1980,13,53.3,1948,8233,7059,1228,2113,365,95,195,1089,216,130,848,584,43,185,57,69,.299,.387,.461,.848,minosmi01
189,Johnny Mize,1981,15,1936,1953,10,70.6,1884,7372,6443,1118,2011,367,83,359,1337,28,12,856,524,150,99,,20,.312,.397,.562,.959,mizejo01
190,Paul Molitor,2004,21,1978,1998,7,75.6,2683,12167,10835,1782,3319,605,114,234,1307,504,131,1094,1244,100,209,109,75,.306,.369,.448,.817,molitpa01
191,Joe Morgan,1990,22,1963,1984,10,100.6,2649,11329,9277,1650,2517,449,96,268,1133,689,162,1865,1015,76,105,96,51,.271,.392,.427,.819,morgajo02
192,Jack Morris,2018,18,1977,1994,5,-0.1,23,1,1,4,0,0,0,0,0,0,0,0,0,0,0,0,0,.000,.000,.000,.000,morrija02
193,Eddie Murray,2003,21,1977,1997,8,68.7,3026,12817,11336,1627,3255,560,35,504,1917,110,43,1333,1516,222,315,128,2,.287,.359,.476,.836,murraed02
194,Stan Musial,1969,22,1941,1963,24,128.5,3026,12721,10972,1949,3630,725,177,475,1951,78,71,1599,696,298,243,53,35,.331,.417,.559,.976,musiast01
195,Mike Mussina,2019,18,1991,2008,5,0.0,22,54,52,3,9,1,0,0,5,0,0,1,9,0,0,0,1,.173,.189,.192,.381,mussimi01
196,Hal Newhouser,1992,17,1939,1955,7,2.7,492,1160,999,70,201,22,2,2,81,3,3,89,150,0,24,0,72,.201,.267,.233,.500,newhoha01
197,Kid Nichols,1949,15,1890,1906,0,-0.4,650,2264,2090,273,472,58,24,16,278,19,,137,343,,,,25,.226,.277,.300,.577,nichoki01
198,Phil Niekro,1997,24,1964,1987,5,-1.1,742,1707,1537,80,260,42,1,7,109,0,1,17,314,0,35,12,129,.169,.183,.211,.395,niekrph01
199,Hank O'Day,2013,7,1884,1890,0,-2.6,232,858,817,76,155,19,3,1,46,7,,39,109,,,,,.190,.228,.224,.452,o'dayha01
200,Buck O'Neil,2022,10,1937,1948,3,2.2,376,1490,1358,218,348,53,24,12,185,51,,116,,0,0,0,13,.256,.316,.357,.673,oneilbu01
201,Jim O'Rourke,1945,23,1872,1904,0,52.1,1999,9052,8503,1729,2639,468,149,62,1208,229,12,513,362,,6,,0,.310,.352,.422,.775,o'rouji01
202,Tony Oliva,2022,15,1962,1976,8,43.0,1676,6880,6301,870,1917,329,48,220,947,86,55,448,645,131,139,57,14,.304,.353,.476,.830,olivato01
203,David Ortiz,2022,20,1997,2016,10,55.3,2408,10091,8640,1419,2472,632,19,541,1768,17,9,1319,1750,209,236,92,2,.286,.380,.552,.931,ortizda01
204,Mel Ott,1951,22,1926,1947,12,110.9,2730,11347,9456,1859,2876,488,72,511,1860,89,95,1708,896,129,82,,110,.304,.414,.533,.947,ottme01
205,Satchel Paige,1971,22,1927,1965,8,0.0,422,708,672,51,137,6,8,1,49,7,0,14,32,0,5,0,21,.204,.221,.241,.462,paigesa01
206,Jim Palmer,1990,19,1965,1984,6,0.9,222,537,489,52,85,9,1,3,41,1,0,16,207,0,1,1,31,.174,.200,.215,.414,palmeji01
207,Herb Pennock,1948,22,1912,1934,0,0.8,620,1427,1214,108,232,33,4,4,103,1,0,94,178,0,,,111,.191,.253,.235,.488,pennohe01
208,Tony Pérez,2000,23,1964,1986,7,53.9,2777,10861,9778,1272,2732,505,79,379,1652,49,33,925,1867,150,268,106,9,.279,.341,.463,.804,perezto01
209,Gaylord Perry,1991,22,1962,1983,5,-3.0,512,1220,1076,48,141,17,0,6,47,0,0,22,369,0,20,3,113,.131,.153,.164,.316,perryga01
210,Mike Piazza,2016,16,1992,2007,12,59.5,1912,7745,6911,1048,2127,344,8,427,1335,17,20,759,1113,146,229,45,0,.308,.377,.545,.922,piazzmi01
211,Eddie Plank,1946,17,1901,1917,0,3.3,630,1783,1607,130,331,39,7,3,122,13,3,71,265,,,,76,.206,.250,.245,.495,planked01
212,Kirby Puckett,2001,12,1984,1995,10,51.1,1783,7831,7244,1071,2304,414,57,207,1085,134,76,450,965,85,188,58,23,.318,.360,.477,.837,puckeki01
213,Old Hoss Radbourn,1939,12,1880,1891,0,2.2,653,2654,2487,308,585,64,11,9,259,26,,158,244,,,,,.235,.283,.281,.564,radboch01
214,Tim Raines,2017,23,1979,2002,7,69.4,2502,10359,8872,1571,2605,430,113,170,980,808,146,1330,966,148,142,76,39,.294,.385,.425,.810,raineti01
215,Pee Wee Reese,1984,16,1940,1958,10,68.4,2166,9472,8058,1338,2170,330,80,126,885,232,99,1210,890,69,176,19,157,.269,.366,.377,.743,reesepe01
216,Jim Rice,2009,16,1974,1989,8,47.7,2089,9058,8225,1249,2452,373,79,382,1451,58,34,670,1423,77,315,94,5,.298,.352,.502,.854,riceji01
217,Sam Rice,1963,20,1915,1934,0,54.3,2404,10260,9269,1514,2987,498,184,34,1077,351,147,708,275,10,,,213,.322,.374,.427,.801,ricesa01
218,Branch Rickey,1967,4,1905,1914,0,0.6,120,381,343,38,82,8,6,3,39,8,0,27,54,,,,5,.239,.304,.324,.628,rickebr01
219,Cal Ripken Jr.,2007,21,1981,2001,19,95.9,3001,12883,11551,1647,3184,603,44,431,1695,36,39,1129,1305,107,350,127,10,.276,.340,.447,.788,ripkeca01
220,Mariano Rivera,2019,19,1995,2013,13,0.0,73,4,3,0,0,0,0,0,1,0,0,1,1,0,0,0,0,.000,.250,.000,.250,riverma01
221,Eppa Rixey,1963,21,1912,1933,0,-1.4,694,1667,1522,95,291,33,4,3,111,2,2,49,220,0,2,,87,.191,.221,.224,.445,rixeyep01
222,Phil Rizzuto,1994,13,1941,1956,5,42.2,1661,6719,5816,877,1588,239,62,38,563,149,58,651,398,35,107,2,193,.273,.351,.355,.706,rizzuph01
223,Robin Roberts,1976,19,1948,1966,7,3.1,688,1784,1525,107,255,55,10,5,103,3,1,135,372,0,37,6,108,.167,.238,.226,.464,roberro01
224,Brooks Robinson,1983,23,1955,1977,18,78.5,2896,11782,10654,1232,2848,482,68,268,1357,28,22,860,990,120,297,114,101,.267,.322,.401,.723,robinbr01
225,Frank Robinson,1982,21,1956,1976,14,107.2,2808,11744,10006,1829,2943,528,72,586,1812,204,77,1420,1532,218,270,102,17,.294,.389,.537,.926,robinfr02
226,Jackie Robinson,1962,11,1945,1956,7,63.9,1416,5941,4997,972,1563,286,55,141,761,200,76,756,291,61,113,9,105,.313,.410,.477,.887,robinja02
227,Wilbert Robinson,1945,17,1886,1902,0,6.7,1371,5433,5075,637,1388,212,51,18,722,196,,286,323,,,,42,.273,.316,.346,.662,robinwi01
228,Iván Rodríguez,2017,21,1991,2011,14,68.7,2543,10270,9592,1354,2844,572,51,311,1332,127,64,513,1474,67,337,76,31,.296,.334,.464,.798,rodriiv01
229,Bullet Rogan,1998,13,1920,1938,1,23.4,681,2345,2052,413,693,106,60,50,419,106,,248,,,,,29,.338,.413,.521,.934,roganbu99
230,Scott Rolen,2023,17,1996,2012,7,70.1,2038,8518,7398,1211,2077,517,43,316,1287,118,49,899,1410,57,150,93,1,.281,.364,.490,.855,rolensc01
231,Edd Roush,1962,18,1913,1931,0,45.8,1967,8157,7363,1099,2376,339,182,68,981,268,134,484,260,10,,,256,.323,.369,.446,.815,roushed01
232,Red Ruffing,1967,22,1924,1947,6,13.3,882,2084,1937,207,521,98,13,36,273,1,1,97,266,4,13,,44,.269,.306,.389,.695,ruffire01
233,Amos Rusie,1977,10,1889,1901,0,0.6,487,1765,1730,209,429,42,29,8,176,25,,27,186,,,,2,.248,.262,.320,.582,rusieam01
234,Babe Ruth,1936,22,1914,1935,2,162.2,2503,10628,8399,2174,2873,506,136,714,2214,123,116,2062,1330,79,2,,114,.342,.474,.690,1.164,ruthba01
235,Nolan Ryan,1999,27,1966,1993,8,-2.3,427,957,852,40,94,10,2,2,36,3,3,38,371,0,11,2,65,.110,.148,.134,.282,ryanno01
236,Ryne Sandberg,2005,16,1981,1997,10,67.9,2164,9282,8385,1318,2386,403,76,282,1061,344,107,761,1260,59,139,71,31,.285,.344,.452,.795,sandbry01
237,Ron Santo,2012,15,1960,1974,9,70.5,2243,9397,8143,1138,2254,365,67,342,1331,35,41,1108,1343,94,256,94,13,.277,.362,.464,.826,santoro01
238,Louis Santop,2006,4,1923,1926,0,2.5,115,378,350,52,111,16,5,7,65,9,0,24,1,,,,3,.317,.363,.451,.814,santolo99
239,Ray Schalk,1955,18,1912,1929,0,33.0,1762,6242,5306,579,1345,199,49,11,593,177,69,638,358,5,,,214,.253,.340,.316,.656,schalra01
240,Mike Schmidt,1995,18,1972,1989,12,106.9,2404,10062,8352,1506,2234,408,59,548,1595,174,92,1507,1883,201,156,108,16,.267,.380,.527,.908,schmimi01
241,Red Schoendienst,1989,19,1945,1963,10,44.8,2216,9224,8479,1223,2449,427,78,84,773,89,60,606,346,30,180,19,97,.289,.337,.387,.724,schoere01
242,Tom Seaver,1992,20,1967,1986,12,3.9,582,1552,1315,99,202,28,5,12,86,4,0,108,485,0,22,4,121,.154,.219,.210,.429,seaveto01
243,Joe Sewell,1977,14,1920,1933,0,54.7,1903,8333,7132,1141,2226,436,68,49,1054,74,74,842,114,25,,,275,.312,.391,.413,.804,seweljo01
244,Al Simmons,1953,20,1924,1944,3,68.3,2215,9520,8759,1507,2927,539,149,307,1828,88,68,615,737,79,23,,111,.334,.380,.535,.915,simmoal01
245,Ted Simmons,2020,21,1968,1988,8,50.4,2456,9685,8680,1074,2472,483,47,248,1389,21,33,855,694,188,287,100,11,.285,.348,.437,.785,simmote01
246,George Sisler,1939,15,1915,1930,0,55.0,2055,9018,8267,1284,2812,425,164,102,1178,375,149,472,327,4,,,226,.340,.379,.468,.847,sislege01
247,Enos Slaughter,1985,19,1938,1959,10,57.6,2380,9087,7946,1247,2383,413,148,169,1304,71,60,1018,538,108,139,10,73,.300,.382,.453,.834,slaugen01
248,Hilton Smith,2001,13,1932,1948,7,4.1,244,544,517,55,154,28,6,6,91,3,,20,,0,0,0,7,.298,.324,.410,.734,smithhi99
249,Lee Smith,2019,18,1980,1997,7,-0.5,770,71,64,2,3,0,0,1,2,0,0,3,42,0,0,0,4,.047,.090,.094,.183,smithle02
250,Ozzie Smith,2002,19,1978,1996,15,76.9,2573,10778,9396,1257,2460,402,69,28,793,580,148,1072,589,79,167,63,214,.262,.337,.328,.666,smithoz01
251,John Smoltz,2015,21,1988,2009,8,2.6,709,1167,948,77,151,26,2,5,61,3,2,79,365,0,15,1,136,.159,.226,.207,.433,smoltjo01
252,Duke Snider,1980,18,1947,1964,8,65.9,2143,8237,7161,1259,2116,358,85,407,1333,99,73,971,1237,154,166,32,52,.295,.380,.540,.919,snidedu01
253,Billy Southworth,2008,13,1913,1929,0,21.7,1192,4927,4359,661,1296,173,91,52,561,138,98,402,148,4,,,152,.297,.359,.415,.773,southbi01
254,Warren Spahn,1973,21,1942,1965,17,7.6,783,2056,1872,141,363,57,6,35,189,4,2,94,487,0,23,14,68,.194,.234,.287,.520,spahnwa01
255,Al Spalding,1939,8,1871,1878,0,6.8,411,1988,1959,417,613,86,19,2,338,18,3,29,26,,5,,,.313,.323,.379,.702,spaldal01
256,Tris Speaker,1937,22,1907,1928,0,135.0,2789,12020,10195,1882,3514,792,222,117,1531,436,158,1381,393,4,,,309,.345,.428,.500,.928,speaktr01
257,Willie Stargell,1988,21,1962,1982,7,57.6,2360,9027,7927,1194,2232,423,55,475,1540,17,16,937,1936,227,143,75,9,.282,.360,.529,.889,stargwi01
258,Turkey Stearnes,2000,18,1923,1940,5,49.8,993,4279,3807,917,1326,231,113,187,1009,130,,418,,0,0,,25,.348,.417,.616,1.032,steartu99
259,Casey Stengel,1966,14,1912,1925,0,20.2,1277,4871,4288,575,1219,182,89,60,535,131,60,437,453,3,,,105,.284,.356,.410,.766,stengca01
260,Bruce Sutter,2006,12,1976,1988,6,-0.4,661,121,102,6,9,0,0,0,6,1,0,7,50,0,1,1,10,.088,.153,.088,.241,suttebr01
261,Mule Suttles,2006,21,1924,1944,5,36.5,909,3623,3220,720,1093,213,75,180,883,85,,370,,2,1,0,18,.339,.410,.620,1.030,suttlmu99
262,Don Sutton,1998,23,1966,1988,4,-1.6,611,1559,1354,64,195,15,1,0,64,1,0,60,365,0,29,3,136,.144,.183,.157,.340,suttodo01
263,Ben Taylor,2006,10,1920,1929,0,17.5,627,2600,2329,378,786,135,37,26,449,36,,223,,,,,38,.337,.398,.461,.858,taylobe99
264,Bill Terry,1954,14,1923,1936,3,56.6,1721,7111,6428,1120,2193,373,112,154,1078,56,63,537,449,32,38,,137,.341,.393,.506,.899,terrybi01
265,Frank Thomas,2014,19,1990,2008,5,73.8,2322,10075,8199,1494,2468,495,12,521,1704,32,23,1667,1397,168,226,121,0,.301,.419,.555,.974,thomafr04
266,Jim Thome,2018,22,1991,2012,5,73.1,2543,10313,8422,1583,2328,451,26,612,1699,19,20,1747,2548,173,165,74,1,.276,.402,.554,.956,thomeji01
267,Sam Thompson,1974,15,1885,1906,0,44.4,1410,6526,5998,1261,1988,343,161,126,1308,232,,452,234,,,,13,.331,.384,.505,.890,thompsa01
268,Joe Tinker,1946,15,1902,1916,0,53.2,1806,7167,6441,774,1690,263,114,31,785,336,12,416,526,,,,285,.262,.308,.353,.661,tinkejo01
269,Joe Torre,2014,18,1960,1977,9,57.6,2209,8802,7874,996,2342,344,59,252,1185,23,29,779,1094,127,284,50,13,.297,.365,.452,.817,torrejo01
270,Cristóbal Torriente,2006,10,1920,1932,0,25.7,646,2613,2235,471,759,140,53,55,532,93,,323,,,,,35,.340,.427,.523,.951,torricr99
271,Alan Trammell,2018,20,1977,1996,6,70.6,2293,9376,8288,1231,2365,412,55,185,1003,236,109,850,874,48,156,76,124,.285,.352,.415,.767,trammal01
272,Pie Traynor,1948,17,1920,1937,2,38.7,1941,8298,7559,1183,2416,371,164,58,1273,158,88,472,278,19,47,,231,.320,.362,.435,.797,traynpi01
273,Dazzy Vance,1955,16,1915,1935,0,-2.6,442,1114,971,68,146,23,1,7,75,1,0,79,287,0,4,,55,.150,.219,.198,.417,vanceda01
274,Arky Vaughan,1985,14,1932,1948,9,77.9,1817,7723,6622,1173,2103,356,128,96,926,118,90,937,276,85,70,,116,.318,.406,.453,.859,vaughar01
275,Rube Waddell,1946,13,1897,1910,0,-2.5,410,1139,1066,61,172,29,10,4,83,6,,42,300,,,,23,.161,.197,.219,.416,wadderu01
276,Honus Wagner,1936,21,1897,1917,0,131.0,2794,11766,10439,1739,3420,643,252,101,1732,723,26,963,735,,,,221,.328,.391,.467,.858,wagneho01
277,Larry Walker,2020,17,1989,2005,5,72.7,1988,8030,6907,1355,2160,471,62,383,1311,230,76,913,1231,117,153,65,7,.313,.400,.565,.965,walkela01
278,Bobby Wallace,1953,25,1894,1918,0,70.4,2383,9631,8618,1057,2309,391,143,34,1121,201,10,774,560,,,,173,.268,.332,.358,.690,wallabo01
279,Ed Walsh,1946,14,1904,1917,0,2.1,459,1173,1085,92,210,38,10,3,68,14,1,46,282,,,,30,.194,.231,.255,.486,walshed01
280,Lloyd Waner,1967,18,1927,1945,1,29.8,1993,8337,7772,1201,2459,281,118,27,598,67,60,420,173,9,57,,108,.316,.353,.393,.747,wanerll01
281,Paul Waner,1952,20,1926,1945,4,74.8,2549,10767,9459,1627,3152,605,191,113,1309,104,101,1091,376,53,127,,174,.333,.404,.473,.878,wanerpa01
282,John Ward,1964,17,1878,1894,0,34.3,1827,8114,7656,1410,2107,231,96,26,869,540,,421,326,,,,20,.275,.314,.341,.655,wardjo01
283,Mickey Welch,1973,13,1880,1892,0,-0.8,607,2286,2201,268,492,93,16,12,202,10,,82,329,,,,,.224,.252,.297,.549,welchmi01
284,Willie Wells,1997,21,1924,1948,10,49.5,1039,4471,3920,932,1292,257,65,140,873,160,,487,,0,,,36,.330,.407,.535,.943,wellswi99
285,Zack Wheat,1959,19,1909,1927,0,60.4,2410,10007,9106,1289,2884,476,172,132,1248,205,73,650,572,15,,,163,.317,.367,.450,.817,wheatza01
286,Deacon White,2013,20,1871,1890,0,45.7,1560,6973,6624,1140,2067,270,98,24,988,70,9,308,221,,8,,,.312,.346,.393,.740,whitede01
287,Hoyt Wilhelm,1985,21,1952,1972,8,-2.9,1070,493,432,24,38,3,1,1,21,0,1,26,166,0,8,1,34,.088,.139,.106,.246,wilheho01
288,Billy Williams,1987,18,1959,1976,6,63.6,2488,10519,9350,1410,2711,434,88,426,1475,90,49,1045,1046,182,200,73,8,.290,.361,.492,.853,willibi01
289,Dick Williams,2008,13,1951,1964,0,3.4,1023,3265,2959,358,768,157,12,70,331,12,21,227,392,13,97,25,42,.260,.312,.392,.704,willidi02
290,Joe Williams,1999,4,1923,1932,0,0.5,68,171,155,16,35,7,0,2,24,3,,12,,,,,4,.226,.281,.310,.591,willijo99
291,Ted Williams,1966,19,1939,1960,19,121.8,2292,9792,7706,1798,2654,525,71,521,1839,24,17,2021,709,258,197,20,5,.344,.482,.634,1.116,willite01
292,Vic Willis,1995,13,1898,1910,0,-3.9,531,1632,1493,107,248,19,4,1,84,3,,81,199,,,,41,.166,.213,.186,.399,willivi01
293,Hack Wilson,1979,12,1923,1934,0,38.7,1348,5557,4760,884,1461,266,67,244,1063,52,34,674,713,29,15,,102,.307,.395,.545,.940,wilsoha01
294,Jud Wilson,2006,21,1923,1945,3,33.3,911,3563,3082,625,1080,203,50,77,728,104,,416,,1,0,0,26,.350,.434,.524,.958,wilsoju99
295,Dave Winfield,2001,22,1973,1995,12,64.2,2973,12358,11003,1669,3110,540,88,465,1833,223,96,1216,1686,172,319,95,19,.283,.353,.475,.827,winfida01
296,George Wright,1937,12,1871,1882,0,23.2,591,2941,2873,665,866,124,60,11,326,47,20,68,119,,2,,,.301,.318,.398,.715,wrighge01
297,Harry Wright,1953,7,1871,1877,0,0.6,180,850,813,183,224,21,8,4,113,11,3,37,14,,3,,,.276,.307,.336,.643,wrighha01
298,Early Wynn,1972,23,1939,1963,9,9.5,796,1904,1704,136,365,59,5,17,173,1,0,141,330,1,33,4,52,.214,.274,.285,.559,wynnea01
299,Carl Yastrzemski,1989,23,1961,1983,18,96.5,3308,13992,11988,1816,3419,646,59,452,1844,168,116,1845,1393,190,323,105,13,.285,.379,.462,.841,yastrca01
300,Cy Young,1937,22,1890,1911,0,-2.0,918,3104,2960,325,623,87,35,18,290,29,,81,381,,,,50,.210,.234,.282,.516,youngcy01
301,Ross Youngs,1972,10,1917,1926,0,32.7,1211,5337,4627,812,1491,236,93,42,592,153,93,550,390,6,,,119,.322,.399,.441,.839,youngro01
302,Robin Yount,1999,20,1974,1993,3,77.4,2856,12249,11008,1632,3142,583,126,251,1406,271,105,966,1350,95,217,123,104,.285,.342,.430,.772,yountro01